-39 36 8 42 13 19 18 49 -26 44 -9 27 41 -2 17 49 -11 -41 26 22 19 -14 -35 -10 -13 -43 0 -49 44 -49 48 -44 -11 6 0 5 -25 20 4 0 15 -3 29 -42 46 -4 9 37 -42 -14 9 27 -26 -24 -33 12 -17 -30 13 -22 23 12 36 15 20 -14 -30 46 9 24 48 -26 23 -21 34 19 -22 -6 6 -14 30 17 15 6 44 -15 -32 -23 -43 -16 -43 30 -2 43 -5 -32 32 -33 16 -9 
-7 14 -33 -33 44 -49 36 -28 -5 45 -40 27 12 25 -16 -42 12 -46 38 19 -12 45 -48 -12 -9 49 7 -27 -33 25 -34 10 -10 -17 27 36 -16 -34 10 30 13 20 -41 27 47 -7 36 10 -50 24 31 40 -29 33 -21 12 33 -12 -13 2 -37 3 -38 -45 36 -8 41 -29 -40 1 3 23 23 12 0 21 8 38 33 8 -36 -34 -2 -14 2 -21 48 -15 17 38 -11 -17 -9 1 -12 -22 -5 -20 -49 5 
-17 -44 30 -43 18 -19 -20 28 21 15 -14 36 31 -13 -28 -17 16 22 -30 -16 10 9 17 -48 13 7 32 -42 37 -15 -34 23 -9 46 -18 11 29 12 -10 1 -23 26 -13 -42 15 9 44 -18 33 -36 16 -6 24 35 48 -13 -8 -18 47 32 17 -37 -43 10 -40 -11 -29 -9 3 11 42 30 40 -21 -10 5 -10 36 37 -26 -49 -45 -30 25 -8 20 14 35 -48 11 -31 -29 -23 -24 31 39 15 4 -20 -32 
18 -27 0 8 2 -8 15 -5 -21 -45 19 32 12 -9 -41 -45 -39 23 -8 15 36 11 36 -37 37 -31 -48 -46 23 -17 24 -9 -42 26 1 -38 -32 19 7 49 24 -24 31 38 -31 40 43 -20 -35 -15 -3 -48 46 -17 17 -15 -46 20 -11 -20 5 15 -27 13 -9 -23 25 -38 46 -17 -39 -28 -39 -5 -40 -19 37 -46 -37 -47 41 11 -45 -10 -4 22 25 -47 44 17 -17 -49 -18 6 14 -24 33 42 -12 -19 
27 -49 3 -10 -4 14 -27 -16 -30 -13 -13 -39 0 44 1 -2 -32 -23 1 15 -4 34 16 -20 43 -19 6 -22 25 44 10 2 46 -37 42 -8 -21 18 -22 -1 -45 -33 -37 -43 -39 14 5 32 -7 -43 -3 39 -7 -37 -30 -14 46 -22 -33 21 -27 27 25 21 -8 -30 15 -26 38 44 23 -5 13 36 2 -23 -47 9 -41 -4 16 -42 38 -40 -29 10 48 20 38 -35 -9 13 -6 19 36 -11 39 2 13 -21 
48 38 24 11 -23 28 38 -20 -13 -1 -22 6 7 18 -32 29 30 -34 -1 -29 34 -8 34 -22 -39 21 -31 2 25 32 31 23 21 -43 -16 48 -13 25 30 25 -26 10 -19 32 -21 -1 -37 -41 -33 -36 -20 3 6 17 -16 -30 40 3 -26 15 -14 8 40 -43 15 26 7 -47 1 39 -20 26 -1 -37 8 28 -36 -27 -10 -19 -13 -28 -13 -5 -9 21 15 -19 -26 -8 -2 10 -50 40 -31 -33 17 -22 -30 -32 
-33 -48 44 17 -35 -46 47 -21 -23 -13 -37 -34 10 0 12 -49 -29 29 35 47 -29 35 8 -29 26 -21 -11 -7 8 -39 11 -23 -36 -42 44 -21 -38 -6 -39 42 31 -26 -42 43 -24 -28 -3 -3 -48 34 -6 -27 19 4 -5 -5 34 -14 -10 44 -3 -48 -29 -37 -40 18 -7 24 -38 4 -32 -5 -20 29 -11 6 -49 -12 5 -47 -28 1 29 41 -44 26 39 -8 -38 -21 38 -39 33 -41 -25 -5 -21 -30 22 -9 
-24 40 37 6 -29 28 14 -27 -34 -31 28 40 -28 7 -17 -22 -17 -28 -28 47 -46 -40 -41 -11 22 36 35 -49 -44 -41 45 -18 1 32 -10 23 -38 -46 -2 -22 25 28 20 47 -14 -47 28 -29 28 2 -31 -16 13 30 23 37 16 -40 -10 -26 -31 -15 6 -27 19 -2 46 31 -46 46 11 29 24 -19 -22 12 37 8 34 15 -39 5 49 -24 37 -26 15 -45 37 -45 -21 8 -9 -13 31 12 35 -21 -6 39 
-25 7 -30 2 -9 -50 -36 -22 -39 0 -5 24 7 -6 -50 46 -30 -33 -49 -43 -28 32 16 -35 -31 49 28 6 -21 24 47 -44 -19 -33 -40 -26 20 -25 2 31 -23 47 5 -13 43 -43 -17 16 -26 -15 23 48 -33 41 -36 39 41 -6 -5 22 20 -7 -20 3 -38 -9 28 32 -32 -20 -35 -5 30 -28 -16 -25 31 18 41 -45 5 15 6 -26 -42 20 -37 1 16 9 -27 -14 4 -44 39 16 -3 -31 -49 15 
-48 18 12 32 41 47 -43 22 -33 1 -20 22 -34 36 46 26 -42 -40 -22 -24 -29 -47 -36 25 -41 -47 43 6 25 44 23 27 13 38 -39 -44 35 -32 28 -48 -29 10 -24 -13 48 -28 16 8 34 44 34 -45 47 48 -18 9 4 -24 -35 -21 -30 -9 -44 -15 -21 -33 -9 16 37 22 18 -41 34 -4 48 33 -30 -34 -9 -45 -40 28 12 10 26 -3 -31 32 23 36 -39 -5 -23 19 31 6 -12 24 -28 28 
-4 -8 -11 -19 -10 -13 16 11 4 -43 16 -34 35 30 -22 -36 -23 -3 46 -50 36 -42 48 -37 -21 -19 -28 18 -45 46 48 -46 41 -13 -15 -19 -24 3 -6 30 10 12 -1 48 -7 27 -38 20 27 10 -27 13 18 23 -22 0 -46 -48 20 -41 1 18 -37 -8 -45 -50 -25 -19 3 20 14 16 -18 -37 -34 -23 -8 -22 0 -31 38 -25 -16 -41 48 -35 -39 -48 19 31 13 -30 -1 -21 -36 4 31 -10 35 37 
12 -1 3 -4 -36 19 24 7 -1 -26 -22 39 -1 -35 0 49 -20 11 3 49 -8 -34 22 -7 47 36 -1 29 28 -15 16 -10 -14 21 -11 -47 42 -37 -38 43 39 42 32 40 -43 35 39 39 -4 -8 -9 -9 -40 -37 -14 10 1 36 -11 -20 23 7 -28 11 30 11 14 22 24 -22 -33 -35 -29 49 -45 30 -14 44 20 -15 38 13 -22 1 26 14 -39 29 0 -48 -41 25 -39 -18 -13 41 43 -49 -35 -30 
-20 -18 -15 -47 33 43 33 -30 -11 3 5 -22 18 33 -19 46 -3 -8 26 0 46 35 -25 -43 19 -36 48 -35 -34 -37 37 48 47 24 3 30 17 -14 -50 -43 -8 -43 37 -40 40 20 -43 40 -38 33 42 10 -30 19 17 -8 34 15 7 2 -20 46 0 -23 20 5 9 40 41 -38 -1 -17 -31 -14 46 -40 -44 5 2 20 -12 46 -20 -40 15 -1 -46 -1 16 11 -49 46 -41 -47 25 -18 8 36 -28 -48 
48 21 37 -32 9 33 30 -33 -12 -18 -11 -22 -22 -29 41 -5 20 45 45 -14 -41 -2 34 -32 2 9 0 12 -5 -26 14 46 45 2 -36 -44 37 44 -27 -24 28 -36 -44 8 -15 47 -47 -45 -5 0 43 4 49 27 -26 -47 38 25 15 36 49 32 32 -3 -16 46 3 23 -8 -21 49 -30 -7 8 -20 -19 -43 -17 38 2 -14 32 -44 -15 9 -19 -12 -50 8 5 36 -41 -13 18 6 -27 -34 12 47 8 
-7 -2 -20 -12 8 10 19 16 -5 8 -32 31 -10 27 18 1 -42 8 1 -32 -36 39 -23 -47 -41 -14 29 -25 0 -22 -15 43 -22 -33 33 37 27 3 3 25 13 21 -42 5 -50 27 -44 10 37 -40 28 3 49 8 -41 -41 44 38 36 46 -34 24 -9 -6 41 -26 -19 -29 27 -14 -2 42 10 6 -3 10 35 4 -29 23 -34 1 28 -35 -41 37 26 5 25 -35 1 -7 39 42 -10 -18 -33 -27 3 -4 
10 -49 -11 22 -40 36 -18 45 42 -45 -30 -42 7 49 26 16 36 -46 24 -36 21 -25 -41 -38 -32 -1 -5 37 23 0 35 35 -46 -26 7 16 13 39 -37 -43 -3 36 18 -46 35 46 -28 -27 2 46 39 -26 24 49 38 42 -2 35 -19 23 38 -34 8 42 43 -35 -40 -42 7 -27 -35 -46 -41 -15 10 -4 -19 -16 -28 34 -19 -39 10 -45 -40 -2 -1 -39 -16 -18 34 -28 -2 45 16 43 -40 -22 -49 -31 
1 19 -27 -37 -46 -15 9 -14 20 31 22 3 -5 34 -40 -43 -18 9 20 -32 41 5 42 41 0 -40 35 -38 -12 36 -18 -8 5 -43 5 -38 45 16 -50 15 -50 -26 20 -5 -42 30 -46 42 41 25 -39 -16 -20 5 27 -18 -32 12 46 6 -49 30 48 -42 -10 -45 -30 -15 22 22 2 22 46 -28 19 -46 4 23 47 -5 -2 10 -19 -20 17 -42 12 35 -27 -39 44 -26 41 -6 34 33 0 -45 -32 -28 
-21 -28 -4 -24 46 -35 -20 0 38 -23 -3 39 -11 -20 -31 -43 -11 -16 42 12 -5 -12 -12 38 33 -28 22 -17 29 -8 -43 -41 15 3 -15 -37 -30 15 14 10 -5 13 -1 -14 44 19 -7 35 -47 38 49 -2 -24 -13 38 11 9 10 44 41 5 3 -50 22 8 37 35 28 -46 -49 -11 -1 15 -10 -12 -39 -41 31 46 14 -29 45 14 -50 34 3 11 45 15 -42 36 -30 11 -12 -6 -30 -25 -20 0 -20 
33 -9 -19 -50 32 19 -39 -7 -47 9 -42 26 -44 22 26 -8 -25 40 -12 -7 48 -26 -35 -39 13 10 33 -10 -8 -16 20 -25 25 -48 -24 -41 21 39 3 -24 -49 -37 -47 -43 35 -19 0 13 -29 38 8 21 14 23 33 29 35 16 -30 -23 2 40 3 30 -6 -19 39 18 -30 44 44 -29 9 47 31 -5 -21 -19 10 -48 21 20 24 37 -7 -41 -31 -21 25 -11 6 -22 31 11 10 -24 42 -1 44 15 
46 -10 36 5 40 -31 2 21 0 14 23 23 -16 -3 -37 28 -42 -18 9 34 21 17 14 -46 31 -26 -20 -25 -25 26 40 23 19 -21 -21 9 -2 -17 -20 1 48 -47 26 -18 -47 39 12 -39 23 -29 -3 46 -9 -39 -49 -28 37 33 -3 15 -38 40 -12 31 -31 -31 -10 17 3 20 -32 1 23 -3 -15 -22 -14 48 -10 -40 21 -11 8 14 1 9 36 40 -7 36 -43 5 26 -4 -14 45 -33 -22 -36 20 
48 35 23 -27 -18 -41 2 -30 9 -6 32 32 33 -9 -3 36 -50 35 -21 45 21 -14 -48 49 -16 40 -4 2 -32 11 24 18 48 -2 42 -20 -41 46 -48 -30 42 35 -48 25 28 -1 -36 28 37 -7 -24 -40 -19 30 -40 -32 21 -42 -28 39 19 46 8 -31 46 -48 -49 7 48 -46 27 40 -9 30 -33 -31 31 -19 -1 18 -24 25 29 -40 6 -9 -22 29 -1 0 -30 21 48 -20 40 -3 -18 42 -46 32 
-2 32 22 39 -36 -8 10 45 -25 -41 -34 2 -13 45 -36 -5 38 44 -26 -13 46 -6 -42 44 25 1 -9 -43 -7 -4 40 -7 30 -36 34 44 -42 -6 39 -16 3 -45 -12 40 2 2 -15 -10 -4 9 -20 -8 6 -12 38 -19 -9 -20 40 34 -22 -18 29 -42 49 13 4 -43 -43 45 -9 11 3 -19 -47 -45 33 -11 48 31 0 -22 25 8 -32 14 39 10 -4 -18 46 -24 -34 26 36 -35 41 -10 25 49 
-15 18 -38 38 -50 -35 -4 -15 -44 46 19 -41 26 -6 17 44 10 -41 -44 8 -9 5 34 -41 33 -28 -25 24 12 2 -25 0 -30 -13 40 22 3 38 -42 -39 34 27 -30 10 23 38 -43 -16 47 -37 -6 40 18 31 49 -47 -47 26 28 -32 -22 -47 -30 -49 43 -40 23 48 49 -17 -41 -15 -40 -20 46 34 20 -47 20 17 18 16 7 39 -3 -42 42 -47 35 -28 -29 15 28 43 -32 21 -47 42 19 4 
-25 28 -8 38 10 -12 -26 -20 43 -4 47 -37 -38 -44 4 -38 17 -3 -35 2 -29 38 19 49 31 38 20 -14 -18 -11 -7 -41 20 35 -1 -20 -27 23 11 18 21 -40 31 -14 19 38 -2 -14 -15 -35 38 -42 -47 -41 -42 34 -1 -20 -30 31 -28 13 41 42 -2 42 -28 -27 16 -15 -7 39 48 27 -25 17 15 -25 -47 2 -10 -7 10 -7 2 -30 29 -48 1 2 -15 23 -35 28 15 -34 21 -11 41 39 
-23 -15 28 -25 -38 6 42 -21 -17 -3 31 24 40 43 19 44 -36 -1 -2 15 -49 34 -12 18 12 5 -14 -17 44 -22 24 23 -35 -45 48 29 11 -8 -42 44 39 -9 -30 29 -16 40 -24 -2 41 24 -37 -6 8 -47 14 23 8 -49 8 -45 31 -17 28 46 -12 -21 25 1 21 -15 47 -37 26 -32 -6 12 10 20 -39 -47 -5 26 49 5 -18 13 30 -8 -34 41 49 47 -26 -20 -5 -36 9 22 -33 32 
-43 -36 45 -15 34 -10 0 46 -40 11 49 -43 39 0 -35 23 -36 -3 -34 -20 -12 17 30 12 47 -25 -22 6 48 47 -11 7 -38 36 -5 -2 -24 45 -5 39 -42 46 -2 47 -3 13 -27 -37 -39 41 45 -1 8 25 14 6 -49 -6 -38 1 -8 -47 10 -44 40 -45 4 18 -50 49 -41 -42 46 8 8 45 23 31 -42 -14 -26 -47 36 32 -19 -48 -12 34 48 -47 -15 -10 8 45 -4 -50 3 3 19 3 
2 28 -36 -50 38 22 -3 12 -45 5 48 -21 -39 -14 13 -8 40 -48 -24 39 7 -37 31 -35 10 30 -34 -37 -17 -13 17 -13 17 -17 40 6 -45 -13 20 12 -5 18 -7 6 7 -44 0 -3 10 26 38 -33 -9 20 -17 -49 0 -49 -35 -15 -12 -16 22 -45 17 -36 11 -26 2 33 -12 -1 2 -17 7 11 -11 -43 10 2 -15 -1 -29 26 -31 4 27 -29 -43 -6 6 -5 28 30 1 47 45 14 -29 49 
-2 -39 -2 2 -6 -45 15 -14 14 -25 38 49 24 -41 -23 -5 -34 6 16 -27 -49 24 -29 -19 -43 22 31 4 38 4 3 38 16 3 42 -40 -40 7 -4 -24 -15 36 27 -41 46 -46 -43 14 10 -25 37 -37 -50 -42 47 9 -18 28 -37 23 -18 -32 11 48 -27 -44 11 -17 13 -43 9 0 -4 -14 10 -8 42 17 8 -46 -6 -5 20 -6 -44 17 5 40 47 18 13 31 -12 27 -18 11 -15 43 -4 0 
2 7 -49 48 -5 11 42 -13 30 0 44 -26 -2 14 -29 -44 33 26 46 30 47 -38 -37 37 -9 -5 -1 26 40 -3 -24 45 -45 -23 43 0 -10 -12 -10 -30 -10 -16 47 38 48 20 44 31 48 -7 -37 -3 5 -24 -15 46 -26 -14 -26 -36 33 0 11 38 28 5 41 -32 -5 -19 41 35 15 -10 -24 13 -40 22 46 -42 -35 -41 6 -28 37 -7 20 13 29 44 -20 -36 47 41 -47 25 48 -4 -5 -7 
27 38 31 -8 -22 -43 7 -12 -19 3 49 -3 -36 -43 -29 -49 -48 -6 -33 31 40 -3 45 37 -12 0 -36 -13 -2 10 30 -25 -2 -37 17 -21 -30 26 -31 -46 -21 -32 1 -7 27 -26 47 29 18 -36 -38 -39 11 10 48 1 12 -37 38 -39 -25 19 -14 -25 32 6 4 5 -18 24 9 -36 -6 12 -41 24 -12 8 -45 9 22 -32 20 35 28 18 -13 42 -17 27 -47 8 48 42 -14 31 -50 40 38 34 
-34 49 48 -37 -37 10 37 1 -32 -6 12 -7 12 -18 30 42 3 -33 35 36 -3 -10 47 -5 -18 -17 28 34 25 16 19 42 -33 17 7 -20 29 46 -16 48 -10 46 -9 5 -21 -29 -3 32 41 34 -30 -12 27 -33 33 11 -48 12 -4 28 30 -35 -28 48 -16 29 30 -36 -23 -36 -38 17 -39 -45 24 -10 -24 -28 24 19 8 44 -43 -15 14 -7 47 16 7 -7 -6 -13 -40 -32 37 -6 -1 18 8 26 
32 -28 46 43 -23 20 35 -44 -6 -39 25 -47 8 -15 -12 -28 28 37 -10 -15 -20 -13 22 -10 5 10 -13 -45 30 45 31 12 20 -21 6 -1 -50 43 5 46 -45 -19 49 13 16 40 35 46 27 27 -19 10 -36 5 -50 -28 17 -13 -23 -3 35 10 -40 -43 40 -32 6 -8 -39 -38 -12 18 45 40 -19 -37 30 18 -41 7 -4 42 -33 -38 49 20 -16 17 9 11 -36 46 24 26 -47 -34 -4 10 -40 -40 
-26 -2 28 21 40 -40 34 20 -20 -5 30 26 39 -1 39 38 21 25 5 -19 39 -28 -23 13 0 -19 -19 47 -7 -9 -43 -31 -9 35 40 -18 -3 -24 4 28 -27 -16 -44 -38 -14 -3 -50 -43 -27 -42 -12 -38 32 -32 -23 -18 -49 8 31 -6 49 38 13 -10 -24 -45 -26 23 -19 29 -47 4 15 -40 16 -49 7 -32 11 -18 -24 1 -6 -42 19 21 -9 20 31 -28 16 30 13 31 23 39 36 -1 -36 -33 
-22 20 21 -4 30 39 49 39 -42 10 -28 -16 -38 -32 45 -17 -8 -14 6 -27 -40 -28 6 -25 6 -21 -36 -8 28 31 10 9 -47 33 -45 -15 23 -46 -26 -17 -33 48 -31 -21 19 -36 -36 -39 0 20 -16 -37 -5 -8 -12 -49 21 -45 45 -48 -12 -43 -37 -9 41 20 26 -34 -24 2 -49 -7 -47 -30 -26 22 -15 -11 -15 -13 11 -29 0 8 14 -9 -39 37 -4 -43 39 34 -36 4 27 7 -26 3 23 -47 
7 24 -4 10 45 -27 -18 32 -36 17 -31 25 39 -28 36 -45 13 47 42 11 -46 32 47 21 38 24 -22 -37 29 4 -34 -14 30 -36 47 25 -13 31 -41 1 -49 -21 29 -8 1 -33 -3 -36 -36 -11 25 21 23 22 -8 12 48 20 -23 27 -26 45 -37 -45 11 12 -18 1 46 -8 4 47 -27 -17 41 24 0 -12 -10 -33 -21 17 38 -47 41 -20 -33 39 2 46 -32 27 -7 33 -16 -46 -4 -32 5 44 
10 -40 41 -15 45 -16 -41 48 22 -49 -35 -49 18 -47 6 -39 35 -25 2 -13 -29 20 16 14 4 -50 19 2 -31 26 -4 -19 36 39 17 -16 -27 -22 -18 -3 -20 49 -50 0 -48 7 -36 -11 32 16 -22 6 -13 45 -30 -7 -3 -9 45 16 -32 43 0 6 -16 -33 40 7 47 24 -46 29 23 -46 -20 -23 -37 46 16 -2 12 45 -46 1 40 26 44 39 -32 -9 6 38 -16 8 46 18 -23 37 27 -26 
11 -17 -46 -15 40 36 -36 5 32 31 -47 46 -22 9 -2 20 -14 -8 9 -44 34 17 44 20 -25 40 41 2 -21 -30 -21 -7 4 35 -20 46 21 -6 1 -45 27 5 -49 -45 -36 -1 25 0 -6 37 -42 30 4 -48 0 -18 -5 43 -14 -24 -36 15 19 18 0 1 14 23 46 -35 28 -25 -28 30 -19 39 31 8 41 -25 -5 -50 -45 2 4 -42 34 1 -49 22 28 -35 -12 49 -15 38 1 1 12 49 
-31 42 -26 -9 22 -43 -20 -44 16 24 -19 13 24 39 17 -22 47 -47 30 0 26 -40 16 -36 -41 3 4 -38 -45 18 -39 -26 11 38 -33 35 45 -50 -7 -37 24 -23 27 -2 -34 46 -22 15 -50 10 -35 26 20 -17 -8 -18 -11 46 46 -6 -33 -42 -30 -20 46 -13 -35 -7 -13 -39 7 -39 -12 36 -39 4 32 42 21 32 2 -12 -40 25 -26 2 9 13 -49 5 -43 -32 -35 29 -50 13 -34 17 -43 4 
28 14 -33 -34 0 -21 20 -18 -29 43 17 -25 -18 27 -50 6 -20 -39 -31 33 17 28 3 32 7 3 -4 -25 -30 3 -19 49 19 -1 17 21 -20 40 -47 -47 33 -28 -22 -35 -50 31 21 32 42 -8 -33 9 22 20 44 31 -27 -10 -43 45 -5 -12 -4 -36 -11 -36 -13 19 -46 -10 -26 37 -35 3 5 -35 36 28 -1 28 -29 16 40 -5 -14 34 29 -39 26 36 8 23 26 -45 -11 18 -31 26 39 25 
18 -36 12 33 -31 19 0 -45 -2 49 33 -29 15 -25 16 3 -41 -5 -34 -13 33 25 -40 -38 30 -1 -18 1 27 -29 -24 -4 -15 -10 -21 4 12 30 -39 -40 -19 45 -19 47 -30 -1 -48 32 -3 -31 21 32 44 -16 -4 24 -15 28 27 -37 2 5 9 37 -3 -10 44 -41 -30 -45 -31 2 2 -48 -49 -25 2 -47 9 1 -28 -20 35 18 14 -18 -8 -50 -40 21 15 12 -24 -26 -48 24 14 -2 33 -13 
-45 5 -9 -40 7 44 37 11 -1 -4 -38 22 -22 48 -10 -5 32 -15 -5 42 8 -40 -43 35 36 11 -39 -48 11 -4 41 16 -49 -18 -22 9 28 -35 22 -22 11 35 2 -8 -15 -6 37 -33 -19 34 11 40 44 -30 -23 -18 31 -12 -16 44 34 -24 -37 -12 -40 -9 47 39 7 19 19 20 -44 -29 -38 43 -33 1 12 -1 -15 -26 -11 -21 46 -32 -37 -20 6 -2 -26 42 -24 -13 -20 38 29 29 -21 38 
-49 48 -40 9 21 25 -45 39 -24 17 -12 12 41 -21 -7 38 49 7 -32 -43 7 44 49 -15 -18 32 -27 13 -37 -45 1 16 -47 -37 28 -23 38 33 -34 17 0 -44 -21 44 37 -26 -16 36 -17 -46 43 40 48 -6 27 -20 28 3 43 42 8 46 -40 -37 12 38 -10 -48 21 6 19 24 -36 0 18 -49 -23 -48 -11 10 -44 -18 -47 -46 -21 30 37 -43 35 -18 49 -7 31 12 7 -7 0 47 47 24 
-44 17 -2 -30 19 -34 24 46 -32 -37 -41 26 48 -38 -18 -23 -6 -31 -16 32 2 36 -25 -17 -2 -16 -22 0 34 -25 -26 40 -6 22 12 -36 -10 38 12 -40 4 -27 36 2 37 -31 -19 -18 -12 -33 16 -8 5 41 -23 5 28 5 -44 12 31 -20 -46 -25 5 16 41 45 -43 -44 -44 11 -21 -6 15 -33 -35 46 -49 4 15 17 -2 -29 -40 26 -22 38 -19 -16 -48 14 -33 -44 -8 22 -25 35 -31 -18 
41 27 43 23 -28 8 40 -13 -44 -7 -7 -27 -40 42 46 22 -30 -25 11 -47 9 13 -30 -22 -28 12 -50 -3 49 -30 29 41 47 -26 14 21 -16 -44 -41 42 -1 -46 -35 -39 -2 14 33 18 39 46 -26 -50 -38 -6 -21 -16 8 -21 31 7 -49 -38 -2 1 -14 14 -28 -28 -28 33 -36 21 38 31 -16 -14 -5 -32 -45 -16 -36 31 37 -24 -25 -34 -38 33 47 -5 -10 1 7 -9 -48 -5 7 26 -31 30 
10 -17 -47 -2 -35 -12 -14 -38 6 43 -3 -28 24 -16 -49 49 -48 -37 32 1 -39 25 -48 -30 -34 -46 16 -25 31 -13 -45 43 21 -41 -9 -12 -3 -21 0 5 -27 -1 27 47 -15 -20 47 -13 46 -19 -9 -43 -44 -7 -23 24 -50 -5 2 -17 33 7 -24 -44 -32 -31 -6 -33 -2 -4 22 21 46 -48 19 -19 34 -32 -29 30 -1 12 37 -42 7 17 -16 7 -38 36 40 45 46 -34 -49 -36 -15 47 34 34 
-6 6 -43 -10 -40 26 -27 -3 44 46 -23 46 -40 17 -46 18 -16 -12 -25 48 27 -34 44 23 34 -3 -11 -30 47 -27 6 -9 -18 13 -17 44 42 -42 -9 36 -45 19 32 17 38 -12 -15 -28 -21 -37 -30 -44 31 16 -19 15 16 20 -13 13 44 -5 6 -24 11 39 22 3 47 -36 41 4 -15 -24 24 -27 14 11 -5 -5 24 -33 1 -43 34 -16 -25 -48 -45 -36 15 1 10 -29 -21 23 12 -49 28 9 
-35 19 16 0 -3 -10 23 14 -49 20 -41 -22 38 -37 -15 -26 -3 -38 -24 -46 -23 -7 5 -11 14 -14 -38 -24 -12 40 -13 -45 -39 5 -42 9 -3 -17 -27 -49 6 -18 31 -6 -5 18 -30 -5 31 48 -1 -42 -9 7 -3 7 43 9 -15 33 -49 -26 -9 -38 30 -1 21 29 -16 44 30 40 29 -37 36 26 32 8 -29 13 6 -27 21 -1 30 20 -44 -25 31 -9 -41 32 -32 -48 44 48 -47 -32 -21 -13 
14 12 30 -7 25 16 22 7 27 43 -30 -17 18 -7 33 -2 -37 -9 -24 -4 -15 37 -22 3 39 25 -47 42 43 -18 31 7 44 11 3 -28 30 -25 29 7 20 2 -8 -11 -3 27 -11 -37 -31 -33 9 4 -46 38 -43 43 -35 -40 -13 -42 44 -31 -33 39 -18 -28 13 14 -3 -8 23 20 -4 -34 11 44 43 2 9 14 20 -32 20 24 8 27 -30 23 -11 7 -17 -16 -22 -47 25 -37 -25 -12 27 -25 
-18 1 45 29 -31 -42 -25 14 10 34 31 -20 4 1 7 15 -21 -21 40 -30 36 26 4 17 29 -21 -18 -46 -31 -41 -21 2 -38 26 -19 -19 -14 -42 -2 47 -6 -21 29 0 30 38 -35 11 -33 8 32 6 -16 38 -27 -37 20 5 19 39 -34 49 43 -21 -23 -26 -38 14 34 -38 -37 -22 -9 42 29 24 31 -4 -15 48 -46 19 4 -12 -40 -21 -47 30 -14 23 -29 3 -26 -35 -16 1 41 48 17 26 
13 30 6 -46 -25 37 -20 8 -16 -32 -42 -12 37 -35 -21 47 46 -18 -21 -17 7 1 -12 31 -32 -26 35 -41 24 -46 -13 -13 35 44 44 12 31 -26 22 17 -8 30 -44 32 -3 37 -19 -6 21 11 -21 -21 14 17 -40 32 41 -3 41 -33 2 -21 5 39 -27 -1 1 6 23 25 -26 18 -43 32 0 5 19 31 49 42 44 -22 -29 8 -3 34 -10 40 -19 -18 -43 33 -37 12 22 -14 13 25 -6 39 
0 18 7 -40 0 9 15 21 -10 -34 -34 37 46 -13 -5 -7 23 36 35 -45 20 -6 -10 33 -43 15 21 -28 42 -35 -39 45 -14 18 -45 -12 -23 20 12 -30 36 28 -43 -16 -35 -46 -21 39 -8 -36 -4 -38 8 36 -3 -33 -47 -32 -10 46 36 1 41 -28 22 46 -38 1 -32 24 -27 6 2 32 40 -30 37 -31 11 -21 35 9 44 45 47 -9 15 -49 10 -45 47 48 -42 38 22 -18 -14 34 34 4 
-39 -43 -40 13 40 -50 -15 27 21 46 8 -42 5 2 -47 3 44 18 -44 -44 -25 -47 6 36 -7 -22 -32 -19 14 -48 35 25 -40 -3 41 2 49 -24 31 -28 25 -11 -20 -20 -6 35 -15 40 4 43 -2 -19 -2 -46 -33 -7 34 -14 24 -2 -12 -39 26 -50 8 17 2 -41 43 35 -19 18 -25 11 1 -29 -3 -12 -39 3 -18 -39 34 -18 -35 -48 26 1 -12 0 1 -22 -36 -23 -21 -26 44 -17 -16 38 
-31 15 -42 46 -23 9 19 -24 0 -18 29 32 -7 13 -36 -40 -33 40 11 -43 43 -38 -14 9 42 -33 33 36 0 -33 -24 -29 -15 -15 19 -36 44 -12 -10 -6 20 21 28 15 -16 -5 25 -46 37 38 -39 -18 3 49 41 -5 -34 25 -19 -31 -6 8 42 29 43 12 43 -11 2 -17 -14 25 -46 16 -10 41 -39 -34 -3 49 6 8 -19 -41 -40 25 4 -24 0 -12 -5 44 -2 40 -24 -9 2 -31 -18 -46 
3 -30 29 -41 37 22 2 48 38 49 -1 -6 -40 -17 -44 -30 -42 10 -4 -40 0 -6 6 48 -16 32 41 -12 -48 -26 44 -43 46 -24 18 33 48 -29 -16 -12 22 33 -16 32 18 -10 -48 26 3 -49 -12 -47 47 45 -48 33 27 43 -29 -19 19 17 40 16 43 9 -49 41 -18 -15 -21 -46 21 -34 37 -11 6 -9 18 -41 44 -44 15 41 -49 17 -24 -19 -38 49 12 -16 17 3 -50 10 14 3 -46 46 
39 35 -50 -38 -49 -11 1 -40 31 21 -31 -23 28 -14 21 -19 -47 47 12 18 47 27 -48 -34 32 4 -22 -4 -43 -18 -8 -2 20 44 10 -27 -16 -38 -17 17 33 -45 -4 -37 -9 -33 -5 47 -35 9 15 14 -14 -31 -18 20 23 10 -34 30 -5 -40 31 17 -45 -9 40 41 -45 -26 -40 -9 31 6 4 -28 24 1 -31 -9 -39 -14 7 49 5 39 20 -22 -49 -12 11 48 -1 -8 15 -44 -15 -42 -1 -9 
34 9 32 15 -35 38 37 -9 42 9 32 -47 -3 41 4 -47 30 26 33 -16 17 46 34 18 -12 0 24 24 -40 25 17 44 -16 -49 9 -49 39 48 -7 31 -41 -25 -14 7 -33 -7 -38 -1 -31 -3 -15 36 -6 -30 4 -16 -28 30 10 -18 5 -23 28 -9 -22 39 -7 -32 37 36 1 -1 13 38 8 -18 33 20 -16 -48 -33 19 -9 -37 -9 -3 -2 13 30 -42 -3 -15 -14 -25 27 -34 16 22 36 4 
8 -12 5 23 28 -37 -44 -37 -15 -10 -35 -46 11 -42 -32 -47 -42 16 -32 38 24 -32 25 12 45 -46 -19 12 26 -33 18 -16 -43 -27 -42 -13 38 16 0 -27 8 -32 -23 -31 -24 -5 24 36 13 -5 24 40 -35 0 -46 -40 4 -15 -26 -19 -45 42 -33 -38 17 27 -48 -43 45 2 32 3 20 -40 -25 -1 -43 49 -15 -27 46 12 -37 -39 -38 -33 24 -32 -45 48 -49 -40 -7 21 24 12 -50 26 20 46 
31 2 -1 1 -36 24 2 24 -24 38 47 -28 -48 -40 36 -36 29 10 34 -14 8 -12 48 3 -41 23 -34 -41 -49 -12 -45 32 40 -43 -16 7 -17 -12 -19 9 -24 -22 -16 -22 40 22 44 19 -18 -19 -44 -8 19 -46 -2 -20 -21 14 -11 -19 -48 47 -37 -6 6 49 -49 39 -12 34 -49 -34 -38 37 47 -48 9 -7 -26 41 24 -20 35 45 36 -17 -25 18 -1 -33 49 -47 -36 14 -2 -28 -34 -49 -39 4 
36 -38 -28 0 49 -31 3 -40 -35 27 -49 -9 9 -11 -13 47 22 -36 15 -28 -19 -34 -25 47 31 -25 -31 47 29 -19 -47 -33 45 27 17 -3 47 22 7 14 -49 -39 -45 -38 0 44 -40 24 -41 -23 -2 42 -6 -24 40 27 1 11 -24 32 -6 31 49 42 8 -31 -11 -43 -7 -2 21 47 -39 -21 -41 11 -27 21 38 34 49 -14 -21 45 12 21 -26 16 -18 -48 -50 27 33 2 -29 43 -27 10 -49 16 
10 -26 13 22 3 -25 35 -21 46 23 15 -3 12 44 44 26 -33 -32 44 0 -30 45 29 5 49 -50 -1 -28 -38 -48 -10 22 -24 6 -6 -18 31 32 -37 27 5 -20 27 19 -25 21 -4 44 -8 -10 -6 -36 37 25 20 36 25 21 10 -11 23 -49 -38 1 7 -42 -15 -12 40 -2 17 48 29 46 17 6 18 15 0 -40 -44 -3 -26 -5 -28 -4 -18 0 -33 42 39 -8 43 3 -4 -48 12 31 -10 -46 
32 10 4 -37 6 -28 -29 26 37 -27 36 -5 20 13 41 -5 -41 -27 -3 29 17 -14 23 -37 40 -31 -35 -46 3 -42 10 37 -30 -35 -50 26 -13 -29 -45 26 -6 41 24 17 -44 15 -38 18 -10 -39 -3 9 -3 -30 22 39 42 38 -5 47 -2 -44 34 18 -29 34 46 -40 7 -49 -12 -49 -5 -38 -30 1 27 34 -31 19 45 -32 -21 45 41 -49 34 -15 -9 -20 -18 -9 -14 -34 -41 -41 -50 8 -31 -41 
-39 7 -40 6 -28 33 10 49 17 -19 -29 13 -48 0 8 43 -47 44 30 47 26 -38 -12 -38 -22 -50 23 30 8 -6 39 -29 4 1 -20 26 -16 -8 -23 4 23 -2 19 -23 0 29 22 4 23 2 1 0 14 -9 -36 -6 -9 -10 -26 1 34 15 23 -12 19 5 -36 5 47 44 -41 -28 44 28 0 -5 -41 -28 1 33 -23 4 35 41 45 1 -14 -13 41 -38 -10 26 -20 15 16 49 -30 -17 4 -33 
-23 -34 -10 -29 -4 -8 -32 6 -34 19 41 -7 -27 26 37 21 29 25 10 21 37 -50 49 19 -32 15 -30 -12 48 25 -42 27 -7 -50 1 39 -8 19 -5 -40 41 -14 4 -36 14 -9 -13 -6 -34 47 17 5 0 16 -25 18 -19 -5 8 32 22 16 9 -35 16 -40 7 10 30 -48 21 -27 41 27 39 -43 -32 -23 1 36 -26 -32 -9 -24 -14 -32 44 18 -34 3 0 -10 -31 11 -42 -12 22 15 0 -46 
17 23 -23 -40 0 -34 -32 -30 -7 -29 -44 -30 42 -50 -4 -22 -32 43 46 36 -4 48 -23 -33 10 -15 -43 34 2 8 38 21 33 17 32 -16 33 2 4 29 23 -37 1 -33 -37 -1 -4 33 -8 44 20 -10 43 -1 8 -45 -14 -33 39 38 -23 -21 -39 -39 46 43 -5 -19 47 1 12 21 14 15 -10 27 -35 36 -37 -41 31 -15 0 -24 34 10 -19 22 27 22 -38 -45 -49 -27 -34 -1 -33 -37 -18 16 
14 45 39 31 10 -20 -40 -23 -34 -27 -13 -1 8 -11 25 44 49 8 16 26 -20 28 -17 33 -48 -1 34 21 -36 -33 -13 -19 14 -23 -38 26 7 24 -46 -25 48 43 25 -42 -18 -48 -47 -19 11 19 9 -7 -50 43 -23 4 44 13 -25 -41 30 -36 -10 -6 43 -46 -29 -48 28 -25 -22 -22 20 5 -13 -48 7 -10 35 -32 11 -6 12 11 -13 -9 -35 -18 -46 42 43 35 -43 35 31 2 39 -48 5 17 
29 33 -2 -1 -12 35 -47 45 -25 38 16 -12 -17 30 -50 20 23 17 4 27 -38 -3 -36 -31 -18 46 -27 23 0 28 43 32 -37 -9 -19 1 -24 -15 49 -47 25 -33 -9 -42 47 43 -19 20 -37 35 49 -25 35 16 46 -33 12 -31 -7 14 48 -14 -4 -39 27 -20 -35 -47 -33 16 8 42 33 49 -49 -18 -5 34 4 8 19 3 -15 -44 -31 -19 26 -17 0 -31 0 -50 5 46 14 -18 -24 29 37 -7 
47 47 38 -18 46 -9 14 43 -25 -32 1 -4 -27 -12 3 -7 19 -21 -22 22 -2 28 -26 5 25 38 -11 3 -31 -24 -1 -34 25 -13 -2 -27 28 -38 -33 -47 32 -30 -1 -44 9 4 -49 -22 33 -21 2 33 -42 27 -12 -15 15 27 38 35 5 39 3 -20 28 4 4 6 16 -27 -39 -49 -7 -37 9 4 -31 10 33 -47 -9 37 36 -1 14 27 -14 32 4 27 -31 12 16 -26 42 -5 28 48 3 47 
-29 -33 48 15 32 7 -31 -49 19 4 -46 -40 44 -7 -38 -40 -30 -2 42 -24 -25 13 38 42 38 31 39 16 -19 -8 13 3 -39 -37 20 43 -28 -9 45 41 -2 49 4 -8 44 16 2 -36 -36 47 43 42 10 31 -14 -2 -36 -25 17 -4 -31 -20 49 -19 46 -29 -26 -32 12 21 -40 -40 -27 14 2 -33 32 7 34 -2 4 27 -10 16 8 26 17 23 3 -16 21 -25 -34 20 6 -38 41 -18 33 -45 
6 -5 -34 29 -41 -30 46 -7 -21 -18 41 33 -41 -18 -48 -30 10 19 -5 -36 5 -34 41 -27 -12 49 38 31 -19 21 36 -11 -34 4 -32 27 25 -35 -30 -46 -3 13 -10 -41 -3 -8 -21 -42 13 24 24 20 -8 15 43 30 14 31 11 -3 -46 49 37 22 4 -45 -1 -21 22 -29 35 22 -13 27 -17 34 21 12 42 -16 38 -32 6 -20 33 0 12 49 33 25 49 38 24 -12 10 -22 45 12 -41 18 
-15 -3 42 22 -26 -25 7 46 -11 -49 32 29 -30 -11 11 5 -9 -27 -43 -26 0 -44 14 -26 -6 27 -45 -11 41 16 9 -24 -37 -47 1 40 30 10 -12 -31 11 22 48 -17 -39 9 -9 -46 -16 -2 31 34 -44 -5 -41 -48 24 16 43 15 -18 -45 -6 48 -42 45 38 39 5 -24 10 18 48 9 -48 12 20 -7 -32 -45 -7 49 -9 -1 47 -48 -47 21 18 46 39 3 3 -17 1 12 30 41 -47 -15 
19 -35 -47 -31 -24 7 31 47 2 2 4 45 1 -3 46 -50 0 1 22 20 -2 -37 -27 -49 -4 24 -35 -24 -33 20 -37 36 36 18 -44 -38 -24 -11 11 -20 41 17 -24 45 -35 24 45 15 -24 -31 -15 -24 -18 -39 29 -20 -13 45 -42 5 -33 -29 -9 5 40 -3 -30 18 37 31 48 -20 -49 26 -25 -34 1 23 -17 -21 -6 -30 5 -21 33 -16 9 -29 31 18 26 1 39 19 -44 -19 19 -24 1 -42 
10 0 -12 11 -24 -34 -21 -21 -9 -36 8 35 36 15 -36 20 -50 24 -7 -17 44 -31 34 -15 -10 41 17 -41 19 -32 -33 -21 -30 -42 -8 49 -26 -27 -22 15 39 -11 -48 26 -46 -33 48 6 -7 -9 -8 -13 -38 -24 22 2 19 41 -36 -11 12 33 -30 32 41 -35 31 17 -12 12 34 -22 3 37 6 -41 6 4 -32 49 45 10 38 -43 36 -38 -39 6 6 -25 -3 -32 -41 17 2 2 32 36 22 23 
-2 6 3 3 -7 -41 -36 49 -35 -18 0 12 -6 -12 -29 -19 -47 -18 -11 9 -40 -12 27 21 -45 -21 -27 -10 -35 45 15 -35 -46 -32 -30 -3 29 -15 49 -4 -31 -49 -42 14 -10 -21 -3 45 -37 36 4 -27 -26 -19 44 31 -38 20 23 30 15 40 -3 19 10 18 19 41 -47 -30 -13 -28 -29 47 36 -37 28 -17 -42 42 21 -36 -35 -3 -5 12 31 -40 -18 -44 40 -1 47 -13 21 7 7 42 -1 10 
-38 -12 -15 35 -14 23 1 -36 9 9 8 32 -24 -24 32 -27 38 13 -17 22 -29 25 23 20 15 -6 -22 -28 -14 -21 -15 -50 -31 -28 -12 -43 -3 39 -28 -44 -50 -18 -9 -24 8 -27 0 48 -12 -15 -28 9 -39 46 -20 -22 42 -40 -48 -21 41 -13 31 -40 -39 -31 -32 9 10 42 -33 11 26 8 -11 37 -17 39 35 21 -25 10 33 38 6 15 18 -2 25 20 -21 -32 10 13 -22 21 -16 48 32 45 
40 -50 -42 17 -40 -3 4 46 39 41 17 16 -47 -48 4 -39 17 -28 -38 44 -6 -9 -38 -46 6 43 -22 41 41 -40 36 -16 12 44 3 23 43 9 19 32 0 38 -2 -44 -7 4 -33 -40 -22 -21 7 23 -27 19 27 29 12 -45 -28 -44 -34 -42 -10 -20 4 43 -47 -2 2 -26 -20 4 15 -19 -38 -42 35 -20 20 -36 -39 -23 37 -16 47 14 16 -39 -28 38 -33 40 -1 -41 -30 5 4 26 -47 -44 
2 36 -37 -33 -33 -25 27 -48 -43 -2 -34 -31 25 5 -45 -26 -30 21 38 44 -38 7 -14 11 17 6 -34 -29 34 22 30 -13 8 -5 -44 -23 -28 34 31 -20 -18 48 -49 9 3 -44 -14 -25 28 -26 21 40 31 -43 -47 -50 -34 21 24 -50 45 4 -13 -45 1 46 -18 23 30 -36 5 14 14 6 25 -33 13 -39 45 43 37 16 -15 19 24 -12 19 -8 11 -7 -8 7 -1 -18 12 2 -22 45 -24 10 
11 -17 26 -25 40 1 44 -45 -35 39 48 -48 -42 -17 -27 -16 -27 -5 26 34 -10 -32 -9 40 -48 6 44 -20 -47 22 -8 14 -44 -32 39 -2 -28 33 3 -13 -25 -47 -11 35 -14 -35 -31 -39 10 45 45 -50 15 39 -8 18 -5 -13 0 -2 -41 -5 14 17 13 3 -35 35 38 -30 24 15 -27 16 0 -39 31 19 -28 -9 -34 20 43 -16 9 38 -48 6 -25 -46 6 36 -1 -30 -44 15 -25 23 0 15 
44 27 -19 19 -7 31 -17 26 -47 5 19 21 -25 12 -45 -14 0 9 -6 -23 14 -50 16 15 -30 22 -20 47 47 -17 13 41 -40 -4 -37 -45 -23 -4 31 32 -49 0 -44 29 14 -39 17 -35 21 -38 44 37 -38 10 -46 35 34 -15 -16 32 -30 47 -25 32 -7 40 37 -27 -14 -30 7 40 20 13 -29 -16 -23 38 -49 48 -50 -2 -13 15 10 -9 -48 47 -22 -14 29 -2 -16 6 -20 -21 -3 19 -46 -15 
39 12 27 -39 -25 48 48 -46 -11 49 -48 -11 49 41 6 10 -17 8 7 -37 -3 38 12 -17 -6 -6 12 -7 16 17 -19 5 31 -42 -31 8 9 -33 13 48 18 -33 -13 18 -41 -4 -22 44 -46 35 -43 -47 23 -29 -14 19 -32 49 15 34 -32 -2 -11 49 6 -40 -41 -35 -23 22 -37 46 40 -47 -34 49 -1 -6 -5 -45 31 2 -41 -44 24 47 -23 42 46 -6 -22 16 42 -31 -33 -1 -20 -23 -34 7 
49 32 -45 39 -13 -29 -10 -12 -33 35 -7 48 40 -46 6 -34 4 34 -42 -48 -22 -14 19 -29 5 36 -28 -13 15 40 45 15 22 2 -44 -41 24 49 -3 41 34 -7 -8 24 49 48 40 3 -16 0 6 -35 -12 27 38 -4 13 -40 33 -21 -50 -20 -4 -25 33 -46 36 -41 -47 -16 2 38 -21 44 -36 30 -5 7 -16 -19 -43 -8 -4 48 -31 -16 46 -16 -6 29 -35 47 -40 11 24 -5 16 10 4 19 
-4 -44 -41 -23 3 26 -42 48 -17 -8 -21 42 -14 -22 40 5 12 36 39 9 -32 7 -42 30 20 -16 -25 -14 44 -19 8 43 -13 -31 -30 40 45 -22 -10 -22 -28 -28 23 8 -48 -35 -37 14 4 5 25 22 14 33 2 -16 -33 -21 -27 14 10 -17 7 -1 2 -21 42 -50 8 -18 30 30 -44 3 41 -42 19 6 -25 -27 -39 -50 -3 -23 -14 49 12 -45 30 35 19 42 -32 28 -9 20 -42 -17 -28 -32 
-32 -47 48 26 6 -9 35 27 48 12 -50 11 -36 -3 39 0 48 1 6 28 -14 27 20 -44 6 14 26 -34 47 49 -16 17 4 -18 -6 -40 -24 31 38 -26 45 -10 35 -41 38 24 10 -12 -25 18 19 -37 -5 41 -31 3 5 -2 19 -45 49 -47 22 3 38 18 -35 -36 -49 -47 -12 46 -6 -27 -44 34 0 16 -28 -23 -16 41 -9 -19 33 -38 35 -12 -38 4 45 -39 -40 -30 -34 48 38 -18 14 40 
37 4 -12 -19 -21 -6 17 29 12 40 -43 -2 -17 -50 30 -34 14 -33 -43 27 -27 4 -10 -17 24 7 33 13 -9 -3 -45 -22 -49 -7 10 -19 -10 -23 12 -48 19 -29 1 -47 -29 -19 21 -12 -50 -20 17 -27 35 -43 7 9 -34 -10 24 7 -10 -19 36 43 -23 48 26 17 27 -11 -29 -3 10 22 -48 -16 5 -25 -26 5 6 41 29 43 48 38 -46 17 30 -19 -26 22 12 -40 16 -9 10 44 10 -12 
-17 32 -13 -4 4 41 -18 12 -34 6 -33 -26 -3 -2 19 47 -14 24 14 19 -45 -9 -9 -31 -47 9 11 14 4 -29 -48 -11 -47 41 -13 -40 32 19 22 48 27 -9 25 26 -8 -6 24 -20 20 40 49 25 -19 -9 -3 -15 2 -42 1 -44 31 3 -4 -13 -6 -15 49 -24 -45 21 26 32 14 -47 -39 -44 -2 -13 -13 -32 -23 -14 -4 -39 -21 43 48 32 3 -1 -10 36 4 -12 -27 48 24 24 26 -19 
-5 -46 15 12 -42 26 18 -42 -37 7 -24 43 -4 -26 6 25 -33 4 -41 20 5 -48 -41 -41 42 -18 9 16 -43 -15 -1 -46 41 -35 -32 49 41 37 -43 7 46 36 -48 -8 -40 8 20 30 -38 -19 -48 -31 -17 -39 -22 -24 46 37 -6 -47 24 44 9 15 -41 28 -33 2 -33 -26 11 15 -40 13 -42 23 -29 -20 3 35 11 5 6 -3 17 34 -25 13 -27 19 -32 47 -35 -21 -35 26 9 -18 31 -22 
-42 -8 44 21 8 4 -6 -19 34 -1 19 -5 -46 -25 -6 -27 12 19 -12 35 41 -42 -15 -44 -12 -48 -15 -1 -16 -34 28 -8 -40 -26 -37 -30 28 -41 2 -36 8 -29 -39 -35 48 6 -12 10 27 -21 48 18 -13 35 -23 25 37 12 27 23 -20 -43 -35 -10 -19 31 11 11 -8 15 -23 -49 -12 -12 -34 -14 -4 -44 -1 -26 -15 49 -6 23 34 21 -50 -27 35 27 46 -35 34 13 -42 17 46 19 30 -11 
-16 -43 -10 -26 48 -42 10 -6 16 11 18 4 -38 15 29 -2 -14 29 21 24 -41 -31 39 -5 33 47 15 29 -32 -5 -32 -46 3 -40 -22 1 20 -9 -3 39 -48 18 -7 17 -17 -28 -35 -29 -49 37 45 12 -44 35 10 -9 -16 -25 23 3 20 41 7 25 4 36 28 26 -23 -24 15 31 44 -42 -2 29 -20 -34 -50 34 -47 46 48 11 -17 8 5 17 33 -22 22 -44 21 -20 31 27 18 10 4 -3 
-12 -31 -22 -18 30 -21 13 12 -5 13 48 -50 -39 -1 -37 -6 -43 18 14 -7 -2 -14 -1 -30 -32 -20 -1 36 -8 -47 -17 30 25 12 14 -43 -7 -23 19 -10 -7 -30 42 4 19 -45 1 26 -24 17 21 -24 -47 -30 48 -28 -47 -2 -42 -5 1 44 28 -24 6 44 35 1 -28 5 41 -33 25 33 -27 46 -10 24 -26 -32 -9 46 -5 47 -34 -7 21 21 41 -19 -33 45 -25 -3 23 -17 -9 9 34 -35 
-36 -23 -18 -9 12 6 39 5 32 -37 23 26 -41 20 -25 28 16 46 -1 7 29 -32 -46 -45 15 28 -12 9 -13 25 24 -47 4 9 46 -33 17 35 -26 -1 48 -1 27 10 -30 -48 40 36 0 -11 45 -20 -40 -50 -15 25 28 -25 36 17 2 11 20 -43 22 16 26 -11 -47 -50 38 3 -1 -32 -37 19 -30 -47 -43 -27 45 5 3 -45 5 -10 -18 35 -33 -31 -46 20 -18 24 27 -46 42 3 -7 -3 
3 33 -50 -48 -49 16 -26 24 19 33 -1 -34 -12 4 -29 -5 44 -44 32 13 27 36 -17 -41 -38 -40 -37 -46 -35 -42 -47 -30 -7 -46 25 47 20 49 21 41 -16 22 -42 23 -24 31 20 22 -11 3 -15 -34 -11 19 -25 2 -19 40 -42 -3 0 -38 17 44 -34 -8 41 -12 43 -36 -21 30 36 39 3 -38 -27 -27 -14 12 -22 21 29 18 -10 6 -30 -26 49 -22 21 -49 42 40 45 10 35 -12 48 -20 
2 30 -40 40 -29 -35 4 -6 41 40 -43 -31 12 36 37 4 44 9 28 -5 -10 -49 -3 34 -6 -8 -5 -21 31 45 -39 35 25 24 -22 47 39 32 43 -18 23 -50 -46 37 -12 -7 -9 -17 -47 22 -20 45 23 27 29 -33 22 -26 48 3 22 -40 40 49 -14 -32 -2 27 3 -8 -40 -24 -8 -36 15 31 7 8 16 -38 -20 46 9 6 -24 -11 23 48 -35 -26 -47 37 36 43 -11 -28 14 37 49 -33 
-21 11 45 -26 25 10 -45 35 -32 -27 -1 -49 21 -41 7 47 -50 32 -3 -35 -44 0 5 42 46 44 16 10 -17 16 -21 13 -23 -26 37 5 -14 -6 42 4 -31 -9 -43 -8 -48 14 -10 4 49 -11 20 -45 40 27 0 36 -27 -34 48 6 -16 -23 21 -36 1 -40 19 37 4 -37 43 -25 -44 3 18 -41 -33 10 13 -34 49 35 24 39 -36 26 -23 39 42 -25 -4 29 -46 19 43 -43 30 -36 -4 36 
-23 -10 -38 -17 -5 -18 44 12 42 -40 -19 41 -3 -45 -17 12 31 -38 1 -25 -12 -1 6 44 -31 -1 -48 1 13 -2 -13 -8 -10 -49 26 35 -17 -28 -50 27 -18 33 19 30 -10 4 44 23 16 -5 48 6 -3 5 1 16 6 -45 19 22 -45 8 -36 -4 -38 -8 33 47 15 -15 25 -1 -32 46 31 8 0 25 -19 18 -29 32 -25 -30 39 -22 -12 -5 -17 -43 -33 -12 15 34 -14 -21 28 22 -23 -7 
-43 -48 -5 -24 48 -24 -14 -50 -48 18 18 25 0 -5 45 -11 23 -17 -14 8 42 -44 -1 -41 40 -13 -11 -30 -41 16 -34 19 -30 11 45 20 -11 33 20 -9 1 40 18 3 -14 -35 42 11 -50 31 -30 42 37 19 -48 -21 -44 43 -1 18 -39 -33 -13 -19 28 -18 -49 -32 17 -27 -39 -31 -37 30 22 -1 45 -33 -39 46 0 33 -10 -13 2 44 -32 -40 37 -31 28 48 -13 -35 31 -35 49 32 35 17 
-45 47 -12 21 -21 12 22 26 29 -15 -26 -21 -32 15 -32 -28 9 38 -17 49 -42 13 47 -5 29 29 -38 -20 -37 48 -1 21 -3 37 -8 -22 0 16 -46 31 -48 31 13 -30 -4 31 -7 7 20 -22 6 -20 41 -44 25 -28 -13 -11 3 -48 39 -48 23 38 40 17 -34 42 -16 23 23 -14 4 -14 -42 2 20 1 11 42 29 20 -28 -27 26 -1 -5 15 38 48 17 28 3 43 16 45 -38 -15 37 -4 
-42 10 -16 -36 -1 -7 16 -31 -4 29 -39 28 -1 35 -49 27 -16 -4 -8 -28 -5 12 -50 0 -43 -31 -5 -31 4 -18 -32 -36 -6 2 -22 43 -3 -4 14 -4 -25 -23 -26 25 -38 -25 2 -4 -27 -3 19 -30 11 -29 20 18 -10 -35 -11 -4 -3 7 10 -6 12 38 -13 11 -16 -48 -43 -38 -21 33 37 -8 10 41 -10 34 40 -41 -46 1 -19 -23 21 -27 -8 13 20 -8 -30 -20 36 -16 21 25 46 7 
-21 5 19 -39 -11 -42 -45 1 -50 -5 -15 -8 5 42 -4 36 -31 19 11 -37 -18 -19 5 3 -36 43 -11 -13 19 -15 44 48 -7 -34 -41 -16 26 -36 35 -22 10 23 21 17 15 -33 3 -14 36 16 -1 -31 48 7 -26 14 0 -35 -49 21 1 -3 20 -4 -35 -19 30 42 -4 15 -30 8 -12 -7 -25 5 10 -20 41 49 46 43 20 -4 -48 -4 12 2 11 13 -26 14 13 -4 -40 28 27 -8 -28 25 
10 45 35 48 -12 12 -44 49 42 -1 0 -9 44 -30 37 46 -32 -48 -49 29 15 27 -6 30 -27 -44 -39 2 -1 -17 30 -41 -22 15 9 17 -22 -33 -32 22 17 -30 -37 11 -10 3 -40 8 5 -39 39 22 38 35 -45 -39 42 -34 -35 -9 -49 -3 -48 32 -37 11 -49 43 29 21 -33 48 41 33 -39 33 38 -29 43 -7 -18 32 17 -30 18 22 33 10 -10 1 3 44 48 5 26 13 18 -21 -42 49 
-50 -24 47 41 -41 -41 24 47 32 17 42 -35 -49 -39 37 19 -14 -27 31 26 -24 36 -28 -26 43 48 -10 12 -23 -2 11 -23 24 -39 20 -15 22 46 34 4 13 -22 19 15 -10 -41 36 -22 34 -30 6 -40 -44 29 36 -50 -21 -24 -36 7 25 -23 -14 -49 -12 9 39 -40 5 -25 15 21 4 36 38 -4 -3 24 24 -19 44 -20 43 3 11 30 3 41 -44 17 -50 -17 44 -14 37 35 -3 -22 45 -47 
3 -38 24 9 1 -36 -45 48 38 -19 32 -15 -36 25 38 25 5 43 -32 -36 10 -32 49 -44 -43 -12 41 4 -32 -11 -41 -26 1 -15 33 4 -1 -9 3 40 -26 -15 -25 -12 -40 15 16 -32 8 -14 34 20 5 -15 26 -36 24 -30 18 -6 9 -20 18 12 15 2 -33 -35 -5 20 -45 19 7 32 10 -31 -3 28 39 7 -36 23 -23 -29 11 -47 -15 -15 -27 6 -19 -16 36 -50 47 1 -46 -36 -32 -49 
